GroupOfUnits Mod 5 = {1,2,3,4}
Phi(5) == 4
GroupOfUnits Mod 6 = {1,5}
Phi(6) == 2
GroupOfUnits Mod 7 = {1,2,3,4,5,6}
Phi(7) == 6
GroupOfUnits Mod 8 = {1,3,5,7}
Phi(8) == 4
GroupOfUnits Mod 9 = {1,2,4,5,7,8}
Phi(9) == 6
GroupOfUnits Mod 10 = {1,3,7,9}
Phi(10) == 4
GroupOfUnits Mod 11 = {1,2,3,4,5,6,7,8,9,10}
Phi(11) == 10
GroupOfUnits Mod 12 = {1,5,7,11}
Phi(12) == 4
GroupOfUnits Mod 13 = {1,2,3,4,5,6,7,8,9,10,11,12}
Phi(13) == 12
GroupOfUnits Mod 14 = {1,3,5,9,11,13}
Phi(14) == 6
GroupOfUnits Mod 15 = {1,2,4,7,8,11,13,14}
Phi(15) == 8
GroupOfUnits Mod 16 = {1,3,5,7,9,11,13,15}
Phi(16) == 8
GroupOfUnits Mod 17 = {1,2,3,4,5,6,7,8,9,10,11,12,13,14,15,16}
Phi(17) == 16
GroupOfUnits Mod 18 = {1,5,7,11,13,17}
Phi(18) == 6
GroupOfUnits Mod 19 = {1,2,3,4,5,6,7,8,9,10,11,12,13,14,15,16,17,18}
Phi(19) == 18
GroupOfUnits Mod 20 = {1,3,7,9,11,13,17,19}
Phi(20) == 8
GroupOfUnits Mod 21 = {1,2,4,5,8,10,11,13,16,17,19,20}
Phi(21) == 12
GroupOfUnits Mod 22 = {1,3,5,7,9,13,15,17,19,21}
Phi(22) == 10
GroupOfUnits Mod 23 = {1,2,3,4,5,6,7,8,9,10,11,12,13,14,15,16,17,18,19,20,21,22}
Phi(23) == 22
GroupOfUnits Mod 24 = {1,5,7,11,13,17,19,23}
Phi(24) == 8
GroupOfUnits Mod 25 = {1,2,3,4,6,7,8,9,11,12,13,14,16,17,18,19,21,22,23,24}
Phi(25) == 20
GroupOfUnits Mod 26 = {1,3,5,7,9,11,15,17,19,21,23,25}
Phi(26) == 12
GroupOfUnits Mod 27 = {1,2,4,5,7,8,10,11,13,14,16,17,19,20,22,23,25,26}
Phi(27) == 18
GroupOfUnits Mod 28 = {1,3,5,9,11,13,15,17,19,23,25,27}
Phi(28) == 12
GroupOfUnits Mod 29 = {1,2,3,4,5,6,7,8,9,10,11,12,13,14,15,16,17,18,19,20,21,22,23,24,25,26,27,28}
Phi(29) == 28
GroupOfUnits Mod 30 = {1,7,11,13,17,19,23,29}
Phi(30) == 8
GroupOfUnits Mod 31 = {1,2,3,4,5,6,7,8,9,10,11,12,13,14,15,16,17,18,19,20,21,22,23,24,25,26,27,28,29,30}
Phi(31) == 30
GroupOfUnits Mod 32 = {1,3,5,7,9,11,13,15,17,19,21,23,25,27,29,31}
Phi(32) == 16
GroupOfUnits Mod 33 = {1,2,4,5,7,8,10,13,14,16,17,19,20,23,25,26,28,29,31,32}
Phi(33) == 20
GroupOfUnits Mod 34 = {1,3,5,7,9,11,13,15,19,21,23,25,27,29,31,33}
Phi(34) == 16
GroupOfUnits Mod 35 = {1,2,3,4,6,8,9,11,12,13,16,17,18,19,22,23,24,26,27,29,31,32,33,34}
Phi(35) == 24
GroupOfUnits Mod 36 = {1,5,7,11,13,17,19,23,25,29,31,35}
Phi(36) == 12
GroupOfUnits Mod 37 = {1,2,3,4,5,6,7,8,9,10,11,12,13,14,15,16,17,18,19,20,21,22,23,24,25,26,27,28,29,30,31,32,33,34,35,36}
Phi(37) == 36
GroupOfUnits Mod 38 = {1,3,5,7,9,11,13,15,17,21,23,25,27,29,31,33,35,37}
Phi(38) == 18
GroupOfUnits Mod 39 = {1,2,4,5,7,8,10,11,14,16,17,19,20,22,23,25,28,29,31,32,34,35,37,38}
Phi(39) == 24
GroupOfUnits Mod 40 = {1,3,7,9,11,13,17,19,21,23,27,29,31,33,37,39}
Phi(40) == 16
GroupOfUnits Mod 41 = {1,2,3,4,5,6,7,8,9,10,11,12,13,14,15,16,17,18,19,20,21,22,23,24,25,26,27,28,29,30,31,32,33,34,35,36,37,38,39,40}
Phi(41) == 40
GroupOfUnits Mod 42 = {1,5,11,13,17,19,23,25,29,31,37,41}
Phi(42) == 12
GroupOfUnits Mod 43 = {1,2,3,4,5,6,7,8,9,10,11,12,13,14,15,16,17,18,19,20,21,22,23,24,25,26,27,28,29,30,31,32,33,34,35,36,37,38,39,40,41,42}
Phi(43) == 42
GroupOfUnits Mod 44 = {1,3,5,7,9,13,15,17,19,21,23,25,27,29,31,35,37,39,41,43}
Phi(44) == 20
GroupOfUnits Mod 45 = {1,2,4,7,8,11,13,14,16,17,19,22,23,26,28,29,31,32,34,37,38,41,43,44}
Phi(45) == 24
GroupOfUnits Mod 46 = {1,3,5,7,9,11,13,15,17,19,21,25,27,29,31,33,35,37,39,41,43,45}
Phi(46) == 22
GroupOfUnits Mod 47 = {1,2,3,4,5,6,7,8,9,10,11,12,13,14,15,16,17,18,19,20,21,22,23,24,25,26,27,28,29,30,31,32,33,34,35,36,37,38,39,40,41,42,43,44,45,46}
Phi(47) == 46
GroupOfUnits Mod 48 = {1,5,7,11,13,17,19,23,25,29,31,35,37,41,43,47}
Phi(48) == 16
GroupOfUnits Mod 49 = {1,2,3,4,5,6,8,9,10,11,12,13,15,16,17,18,19,20,22,23,24,25,26,27,29,30,31,32,33,34,36,37,38,39,40,41,43,44,45,46,47,48}
Phi(49) == 42
GroupOfUnits Mod 50 = {1,3,7,9,11,13,17,19,21,23,27,29,31,33,37,39,41,43,47,49}
Phi(50) == 20
GroupOfUnits Mod 51 = {1,2,4,5,7,8,10,11,13,14,16,19,20,22,23,25,26,28,29,31,32,35,37,38,40,41,43,44,46,47,49,50}
Phi(51) == 32
GroupOfUnits Mod 52 = {1,3,5,7,9,11,15,17,19,21,23,25,27,29,31,33,35,37,41,43,45,47,49,51}
Phi(52) == 24
GroupOfUnits Mod 53 = {1,2,3,4,5,6,7,8,9,10,11,12,13,14,15,16,17,18,19,20,21,22,23,24,25,26,27,28,29,30,31,32,33,34,35,36,37,38,39,40,41,42,43,44,45,46,47,48,49,50,51,52}
Phi(53) == 52
GroupOfUnits Mod 54 = {1,5,7,11,13,17,19,23,25,29,31,35,37,41,43,47,49,53}
Phi(54) == 18
GroupOfUnits Mod 55 = {1,2,3,4,6,7,8,9,12,13,14,16,17,18,19,21,23,24,26,27,28,29,31,32,34,36,37,38,39,41,42,43,46,47,48,49,51,52,53,54}
Phi(55) == 40
GroupOfUnits Mod 56 = {1,3,5,9,11,13,15,17,19,23,25,27,29,31,33,37,39,41,43,45,47,51,53,55}
Phi(56) == 24
GroupOfUnits Mod 57 = {1,2,4,5,7,8,10,11,13,14,16,17,20,22,23,25,26,28,29,31,32,34,35,37,40,41,43,44,46,47,49,50,52,53,55,56}
Phi(57) == 36
GroupOfUnits Mod 58 = {1,3,5,7,9,11,13,15,17,19,21,23,25,27,31,33,35,37,39,41,43,45,47,49,51,53,55,57}
Phi(58) == 28
GroupOfUnits Mod 59 = {1,2,3,4,5,6,7,8,9,10,11,12,13,14,15,16,17,18,19,20,21,22,23,24,25,26,27,28,29,30,31,32,33,34,35,36,37,38,39,40,41,42,43,44,45,46,47,48,49,50,51,52,53,54,55,56,57,58}
Phi(59) == 58
GroupOfUnits Mod 60 = {1,7,11,13,17,19,23,29,31,37,41,43,47,49,53,59}
Phi(60) == 16
GroupOfUnits Mod 61 = {1,2,3,4,5,6,7,8,9,10,11,12,13,14,15,16,17,18,19,20,21,22,23,24,25,26,27,28,29,30,31,32,33,34,35,36,37,38,39,40,41,42,43,44,45,46,47,48,49,50,51,52,53,54,55,56,57,58,59,60}
Phi(61) == 60
GroupOfUnits Mod 62 = {1,3,5,7,9,11,13,15,17,19,21,23,25,27,29,33,35,37,39,41,43,45,47,49,51,53,55,57,59,61}
Phi(62) == 30
GroupOfUnits Mod 63 = {1,2,4,5,8,10,11,13,16,17,19,20,22,23,25,26,29,31,32,34,37,38,40,41,43,44,46,47,50,52,53,55,58,59,61,62}
Phi(63) == 36
GroupOfUnits Mod 64 = {1,3,5,7,9,11,13,15,17,19,21,23,25,27,29,31,33,35,37,39,41,43,45,47,49,51,53,55,57,59,61,63}
Phi(64) == 32
GroupOfUnits Mod 65 = {1,2,3,4,6,7,8,9,11,12,14,16,17,18,19,21,22,23,24,27,28,29,31,32,33,34,36,37,38,41,42,43,44,46,47,48,49,51,53,54,56,57,58,59,61,62,63,64}
Phi(65) == 48
GroupOfUnits Mod 66 = {1,5,7,13,17,19,23,25,29,31,35,37,41,43,47,49,53,59,61,65}
Phi(66) == 20
GroupOfUnits Mod 67 = {1,2,3,4,5,6,7,8,9,10,11,12,13,14,15,16,17,18,19,20,21,22,23,24,25,26,27,28,29,30,31,32,33,34,35,36,37,38,39,40,41,42,43,44,45,46,47,48,49,50,51,52,53,54,55,56,57,58,59,60,61,62,63,64,65,66}
Phi(67) == 66
GroupOfUnits Mod 68 = {1,3,5,7,9,11,13,15,19,21,23,25,27,29,31,33,35,37,39,41,43,45,47,49,53,55,57,59,61,63,65,67}
Phi(68) == 32
GroupOfUnits Mod 69 = {1,2,4,5,7,8,10,11,13,14,16,17,19,20,22,25,26,28,29,31,32,34,35,37,38,40,41,43,44,47,49,50,52,53,55,56,58,59,61,62,64,65,67,68}
Phi(69) == 44
GroupOfUnits Mod 70 = {1,3,9,11,13,17,19,23,27,29,31,33,37,39,41,43,47,51,53,57,59,61,67,69}
Phi(70) == 24
GroupOfUnits Mod 71 = {1,2,3,4,5,6,7,8,9,10,11,12,13,14,15,16,17,18,19,20,21,22,23,24,25,26,27,28,29,30,31,32,33,34,35,36,37,38,39,40,41,42,43,44,45,46,47,48,49,50,51,52,53,54,55,56,57,58,59,60,61,62,63,64,65,66,67,68,69,70}
Phi(71) == 70
GroupOfUnits Mod 72 = {1,5,7,11,13,17,19,23,25,29,31,35,37,41,43,47,49,53,55,59,61,65,67,71}
Phi(72) == 24
GroupOfUnits Mod 73 = {1,2,3,4,5,6,7,8,9,10,11,12,13,14,15,16,17,18,19,20,21,22,23,24,25,26,27,28,29,30,31,32,33,34,35,36,37,38,39,40,41,42,43,44,45,46,47,48,49,50,51,52,53,54,55,56,57,58,59,60,61,62,63,64,65,66,67,68,69,70,71,72}
Phi(73) == 72
GroupOfUnits Mod 74 = {1,3,5,7,9,11,13,15,17,19,21,23,25,27,29,31,33,35,39,41,43,45,47,49,51,53,55,57,59,61,63,65,67,69,71,73}
Phi(74) == 36
GroupOfUnits Mod 75 = {1,2,4,7,8,11,13,14,16,17,19,22,23,26,28,29,31,32,34,37,38,41,43,44,46,47,49,52,53,56,58,59,61,62,64,67,68,71,73,74}
Phi(75) == 40
GroupOfUnits Mod 76 = {1,3,5,7,9,11,13,15,17,21,23,25,27,29,31,33,35,37,39,41,43,45,47,49,51,53,55,59,61,63,65,67,69,71,73,75}
Phi(76) == 36
GroupOfUnits Mod 77 = {1,2,3,4,5,6,8,9,10,12,13,15,16,17,18,19,20,23,24,25,26,27,29,30,31,32,34,36,37,38,39,40,41,43,45,46,47,48,50,51,52,53,54,57,58,59,60,61,62,64,65,67,68,69,71,72,73,74,75,76}
Phi(77) == 60
GroupOfUnits Mod 78 = {1,5,7,11,17,19,23,25,29,31,35,37,41,43,47,49,53,55,59,61,67,71,73,77}
Phi(78) == 24
GroupOfUnits Mod 79 = {1,2,3,4,5,6,7,8,9,10,11,12,13,14,15,16,17,18,19,20,21,22,23,24,25,26,27,28,29,30,31,32,33,34,35,36,37,38,39,40,41,42,43,44,45,46,47,48,49,50,51,52,53,54,55,56,57,58,59,60,61,62,63,64,65,66,67,68,69,70,71,72,73,74,75,76,77,78}
Phi(79) == 78
GroupOfUnits Mod 80 = {1,3,7,9,11,13,17,19,21,23,27,29,31,33,37,39,41,43,47,49,51,53,57,59,61,63,67,69,71,73,77,79}
Phi(80) == 32
GroupOfUnits Mod 81 = {1,2,4,5,7,8,10,11,13,14,16,17,19,20,22,23,25,26,28,29,31,32,34,35,37,38,40,41,43,44,46,47,49,50,52,53,55,56,58,59,61,62,64,65,67,68,70,71,73,74,76,77,79,80}
Phi(81) == 54
GroupOfUnits Mod 82 = {1,3,5,7,9,11,13,15,17,19,21,23,25,27,29,31,33,35,37,39,43,45,47,49,51,53,55,57,59,61,63,65,67,69,71,73,75,77,79,81}
Phi(82) == 40
GroupOfUnits Mod 83 = {1,2,3,4,5,6,7,8,9,10,11,12,13,14,15,16,17,18,19,20,21,22,23,24,25,26,27,28,29,30,31,32,33,34,35,36,37,38,39,40,41,42,43,44,45,46,47,48,49,50,51,52,53,54,55,56,57,58,59,60,61,62,63,64,65,66,67,68,69,70,71,72,73,74,75,76,77,78,79,80,81,82}
Phi(83) == 82
GroupOfUnits Mod 84 = {1,5,11,13,17,19,23,25,29,31,37,41,43,47,53,55,59,61,65,67,71,73,79,83}
Phi(84) == 24
GroupOfUnits Mod 85 = {1,2,3,4,6,7,8,9,11,12,13,14,16,18,19,21,22,23,24,26,27,28,29,31,32,33,36,37,38,39,41,42,43,44,46,47,48,49,52,53,54,56,57,58,59,61,62,63,64,66,67,69,71,72,73,74,76,77,78,79,81,82,83,84}
Phi(85) == 64
GroupOfUnits Mod 86 = {1,3,5,7,9,11,13,15,17,19,21,23,25,27,29,31,33,35,37,39,41,45,47,49,51,53,55,57,59,61,63,65,67,69,71,73,75,77,79,81,83,85}
Phi(86) == 42
GroupOfUnits Mod 87 = {1,2,4,5,7,8,10,11,13,14,16,17,19,20,22,23,25,26,28,31,32,34,35,37,38,40,41,43,44,46,47,49,50,52,53,55,56,59,61,62,64,65,67,68,70,71,73,74,76,77,79,80,82,83,85,86}
Phi(87) == 56
GroupOfUnits Mod 88 = {1,3,5,7,9,13,15,17,19,21,23,25,27,29,31,35,37,39,41,43,45,47,49,51,53,57,59,61,63,65,67,69,71,73,75,79,81,83,85,87}
Phi(88) == 40
GroupOfUnits Mod 89 = {1,2,3,4,5,6,7,8,9,10,11,12,13,14,15,16,17,18,19,20,21,22,23,24,25,26,27,28,29,30,31,32,33,34,35,36,37,38,39,40,41,42,43,44,45,46,47,48,49,50,51,52,53,54,55,56,57,58,59,60,61,62,63,64,65,66,67,68,69,70,71,72,73,74,75,76,77,78,79,80,81,82,83,84,85,86,87,88}
Phi(89) == 88
GroupOfUnits Mod 90 = {1,7,11,13,17,19,23,29,31,37,41,43,47,49,53,59,61,67,71,73,77,79,83,89}
Phi(90) == 24
GroupOfUnits Mod 91 = {1,2,3,4,5,6,8,9,10,11,12,15,16,17,18,19,20,22,23,24,25,27,29,30,31,32,33,34,36,37,38,40,41,43,44,45,46,47,48,50,51,53,54,55,57,58,59,60,61,62,64,66,67,68,69,71,72,73,74,75,76,79,80,81,82,83,85,86,87,88,89,90}
Phi(91) == 72
GroupOfUnits Mod 92 = {1,3,5,7,9,11,13,15,17,19,21,25,27,29,31,33,35,37,39,41,43,45,47,49,51,53,55,57,59,61,63,65,67,71,73,75,77,79,81,83,85,87,89,91}
Phi(92) == 44
GroupOfUnits Mod 93 = {1,2,4,5,7,8,10,11,13,14,16,17,19,20,22,23,25,26,28,29,32,34,35,37,38,40,41,43,44,46,47,49,50,52,53,55,56,58,59,61,64,65,67,68,70,71,73,74,76,77,79,80,82,83,85,86,88,89,91,92}
Phi(93) == 60
GroupOfUnits Mod 94 = {1,3,5,7,9,11,13,15,17,19,21,23,25,27,29,31,33,35,37,39,41,43,45,49,51,53,55,57,59,61,63,65,67,69,71,73,75,77,79,81,83,85,87,89,91,93}
Phi(94) == 46
GroupOfUnits Mod 95 = {1,2,3,4,6,7,8,9,11,12,13,14,16,17,18,21,22,23,24,26,27,28,29,31,32,33,34,36,37,39,41,42,43,44,46,47,48,49,51,52,53,54,56,58,59,61,62,63,64,66,67,68,69,71,72,73,74,77,78,79,81,82,83,84,86,87,88,89,91,92,93,94}
Phi(95) == 72
GroupOfUnits Mod 96 = {1,5,7,11,13,17,19,23,25,29,31,35,37,41,43,47,49,53,55,59,61,65,67,71,73,77,79,83,85,89,91,95}
Phi(96) == 32
GroupOfUnits Mod 97 = {1,2,3,4,5,6,7,8,9,10,11,12,13,14,15,16,17,18,19,20,21,22,23,24,25,26,27,28,29,30,31,32,33,34,35,36,37,38,39,40,41,42,43,44,45,46,47,48,49,50,51,52,53,54,55,56,57,58,59,60,61,62,63,64,65,66,67,68,69,70,71,72,73,74,75,76,77,78,79,80,81,82,83,84,85,86,87,88,89,90,91,92,93,94,95,96}
Phi(97) == 96
GroupOfUnits Mod 98 = {1,3,5,9,11,13,15,17,19,23,25,27,29,31,33,37,39,41,43,45,47,51,53,55,57,59,61,65,67,69,71,73,75,79,81,83,85,87,89,93,95,97}
Phi(98) == 42
GroupOfUnits Mod 99 = {1,2,4,5,7,8,10,13,14,16,17,19,20,23,25,26,28,29,31,32,34,35,37,38,40,41,43,46,47,49,50,52,53,56,58,59,61,62,64,65,67,68,70,71,73,74,76,79,80,82,83,85,86,89,91,92,94,95,97,98}
Phi(99) == 60
GroupOfUnits Mod 100 = {1,3,7,9,11,13,17,19,21,23,27,29,31,33,37,39,41,43,47,49,51,53,57,59,61,63,67,69,71,73,77,79,81,83,87,89,91,93,97,99}
Phi(100) == 40
